173823 13.844419401793493 15852.923083333333
214019 215.02699084463976 17392.98791666667
197530 100.91328373891514 90808.2241
205232 426.30302591059524 5.513216666666667
190414 934.7399946474659 44454.12815
206504 102.42810468164365 46988.46623333333
179302 71.31158591761049 12406.295699999999
191668 1262.8055964746588 40.74061666666667
191040 440.8727493956711 12211.4195
182137 301.61018646473656 30905.85458333333
Progress: 10/100. Average time per iteration: 74.5714 seconds.
193861 207.61823707658317 18077.585683333335
173778 0.0 2355.4410666666668
199887 1029.1978849662162 56.682916666666664
192301 783.4973591413795 29.493683333333333
199354 158.59238972841212 19554.954716666667
211823 853.9963809278594 10.1028
186872 138.70800648462583 19.605733333333333
207894 255.48922877884624 11469.783800000001
197770 396.96449919501987 653.01335
181124 252.5462168236624 2422.7506333333336
Progress: 20/100. Average time per iteration: 60.2305 seconds.
178278 157.00971689286504 28428.810400000002
181607 1796.1820945675704 60306.969866666666
189499 2.00633205624755 1219.1309833333332
185431 578.5417983498085 107.39555
198531 767.4292068621439 6.58915
205592 830.5435949222001 126.90100000000001
212419 0.10778621922961186 26356.886916666666
181001 477.82222078423735 11831.601733333335
175485 93.28918478381742 23807.548499999997
211341 962.9829321968193 674.5334833333333
Progress: 30/100. Average time per iteration: 67.3129 seconds.
178581 1.4153520959886723 47270.723
191464 187.02407302683145 41508.45778333334
208901 1.439323214940217 43180.887650000004
188491 301.61368799818285 44192.92995
189802 1091.8097094390105 9.209416666666668
207837 897.1339547474341 75.97061666666667
175150 191.82889272780525 2.0902333333333334
196413 303.1586169538889 21670.327666666664
205909 323.6404799163817 60.657799999999995
198630 625.5381606489698 48631.672816666665
Progress: 40/100. Average time per iteration: 71.6525 seconds.
208070 424.46782102132397 10028.291416666667
194182 496.74625846598553 159.94378333333333
202271 269.82234418169475 56301.55846666666
194991 238.36297514409003 21055.538766666665
202039 751.7469510982353 44272.3987
200037 307.9287164079034 5.35625
186619 911.7689621672857 8.583466666666668
210848 287.38741708955405 27245.938516666665
183916 521.2067687198103 60201.408233333335
212355 475.8704585190246 6706.12655
Progress: 50/100. Average time per iteration: 74.7658 seconds.
183600 215.00049289151988 12577.620033333335
205146 599.9915176786402 695.2077833333333
185840 747.2626215214141 13.404716666666667
206862 88.30023775906578 44177.36878333333
181336 257.280541380844 108.89803333333333
194227 845.7472770128157 17340.01715
182485 199.7887302777553 28372.016266666666
187891 289.89032384571937 11322.937416666666
180874 539.4416293691515 11261.830583333332
178909 317.35713623478404 19706.55256666667
Progress: 60/100. Average time per iteration: 70.5191 seconds.
213444 539.9403938989606 84.16983333333333
179739 686.1398010340205 5.558283333333334
197414 64.93893099962055 487.06806666666665
181565 232.6197085501499 17295.99375
195893 197.9078649003854 10.355250000000002
192915 512.6151794239096 48.36136666666666
186457 926.2291943459418 7.2418
197788 547.1749760030928 1037.4280833333332
200290 174.0701409314472 16950.69465
182023 236.8770488929501 31436.57985
Progress: 70/100. Average time per iteration: 67.6031 seconds.
210245 799.6318696995373 34.13826666666667
189946 201.75140199747105 33.15465
212079 158.9375253532366 21.036733333333334
196135 238.79282405236478 50385.473099999996
189526 0.0 14.794566666666666
212812 0.007649821163888536 25790.639066666667
187175 1.5026121408539792 18.225133333333336
175597 12.81313764375075 22863.93865
201418 430.8288586483848 105.50685
195681 542.0272633821884 43769.620950000004
Progress: 80/100. Average time per iteration: 66.8006 seconds.
184826 858.5534275893984 57152.1849
211281 323.680175961992 13941.790316666667
189916 196.8239469643778 12867.601133333334
196771 641.7350122983074 48496.823683333336
194445 540.730901104399 61.95686666666666
191989 220.54331084947077 29885.728266666665
184715 3.369437478732194 461.36988333333335
174231 328.885258491461 11553.3407
181589 336.4846508422344 30494.476233333335
210671 345.02448772098654 35464.11663333334
Progress: 90/100. Average time per iteration: 71.4258 seconds.
207044 259.02622070319165 45979.320850000004
192346 383.964649519575 570.4611833333333
183345 162.92376015321446 20279.69455
181628 287.2954372479602 3.169766666666667
204167 935.5789206327045 81.04321666666667
193255 1007.1670478044033 44289.82666666667
176521 574.7033198432295 28921.1759
182620 161.57427814479954 1512.7887999999998
196735 966.047713953194 21.926783333333333
193578 227.00435992334192 12609.623516666667
Progress: 100/100. Average time per iteration: 71.2835 seconds.

196126 0.019360401471417505 29960.80198333333
206904 0.036937660291027206 12526.1186
210746 0.036099954053379395 1634.377
182840 0.3544183508120759 70.50475
178224 0.028397023672615228 17020.829
191725 0.023512399586926008 18186.395516666664
189004 0.023565147444496032 44240.1031
208127 0.02729707793326953 25750.88615
211050 0.02298970047754808 33037.99045
194599 0.19845080499799608 348.12183333333337
Progress: 10/100. Average time per iteration: 0.2027 seconds.
198250 0.010376142204407206 11541.907266666667
209221 0.030868163795258342 12964.829816666666
203200 0.23391363080463715 4.341316666666667
194994 0.11691770251686831 1077.8106833333334
202785 0.027096594215986758 14210.569549999998
174779 0.0028977007738634534 11357.574783333333
196320 0.4935643359203217 281.47975
202343 0.03826482410837301 40479.191366666666
207137 0.032331588655699475 24330.121816666666
198418 0.016598951752030786 45447.51055
Progress: 20/100. Average time per iteration: 0.1868 seconds.
204673 0.058779888073902095 2539.8312666666666
183471 0.018978009963678395 69095.35181666668
194919 0.5420657046996936 30.819566666666667
192229 0.03539491403079634 44371.643216666664
174355 0.27002710606771113 7.426283333333333
184099 0.01753095827230975 21249.959216666666
213825 0.022191980247424515 18535.649433333332
179655 0.024809881832483602 40.349450000000004
185348 0.018187845880048775 52612.54756666666
205748 0.03114934571686935 43916.08586666666
Progress: 30/100. Average time per iteration: 0.1968 seconds.
201448 0.2816437761289511 42.60626666666667
204520 0.04372921816717824 3999.6403166666664
178335 0.009499948829733425 49910.77446666666
197587 0.10705462355908002 44259.60116666667
199423 0.009878435382328302 708.6479666666667
174602 0.3026303381158839 69.40535
189883 0.023294885415616796 14679.4585
196957 0.0016628697479970516 17057.412566666666
214028 0.019361789735795783 12104.950716666666
204272 0.02285543776923393 18507.7171
Progress: 40/100. Average time per iteration: 0.1906 seconds.
211949 0.05115751761607941 12653.556216666668
190980 0.024968136492782976 18535.322533333332
199471 0.025574285730948037 34011.43026666667
178692 0.04078748966047383 21174.240283333333
182855 0.01377113632559699 44226.00391666666
173784 0.024241305021175854 64484.6659
195737 0.020532683519340098 21593.643183333334
189145 0.027396339820049704 14538.243866666666
179879 0.05952437629091044 43872.060966666664
198987 0.0746362196161284 1858.76275
Progress: 50/100. Average time per iteration: 0.1964 seconds.
206159 0.10252905514568861 691.7454666666667
177606 0.5161074767381263 15.4963
185617 0.01215627456172778 21408.407
202566 0.5606554338211343 185.49486666666664
197921 0.23920624240171268 79.9825
178888 0.11021345131689735 27.225649999999998
212395 0.9156114936683402 36.039366666666666
207340 0.07877994551021092 3481.2255333333333
197183 0.021808331773369074 44299.80378333333
194314 0.02244357595840518 1203.0276999999999
Progress: 60/100. Average time per iteration: 0.1854 seconds.
181055 0.01242887032439431 15676.843583333333
175332 0.03954053366920447 39344.414483333334
199854 0.012124502165726357 1414.4218666666668
186232 0.18898651353352447 190.89656666666667
181739 0.25824221138201936 117.76671666666667
192491 0.03546654467230989 19541.521466666665
193411 0.11170475130158088 944.2840166666666
203943 0.8457060445476554 23.645233333333334
192037 0.02809590660859638 19925.91225
195588 0.012994785938945699 153.93455
Progress: 70/100. Average time per iteration: 0.1904 seconds.
178810 0.026580942859657303 44579.73225
204613 0.05615097664167352 44363.03565
200725 0.03188329035669924 75583.36866666666
175359 0.27307562479402847 76.90133333333333
179429 0.014159385628215039 12812.99445
193348 0.032496384840650185 43979.71615
195848 0.030180842732076156 14119.32365
190905 0.031327896113073225 44911.14465
188497 0.032472420754776465 12542.69245
175162 0.014656272423566385 15624.979783333334
Progress: 80/100. Average time per iteration: 0.1920 seconds.
203434 0.034809954803918276 25257.980683333335
195719 0.029714456405446895 11691.036616666668
209586 0.037266196913351445 33416.863183333335
198855 0.0016823034118821358 2377.9533833333335
196407 0.02502234312483586 60567.081
184760 0.02030943771254744 15697.268199999999
189556 0.45803508039787977 6.549716666666667
189586 0.02098379546002228 45665.79
202824 0.02554527624088444 27230.299333333332
185141 0.041857986298448925 30202.452183333335
Progress: 90/100. Average time per iteration: 0.2057 seconds.
176284 0.012497452165076514 44106.701616666665
197674 0.020432535798657222 19817.612299999997
213645 0.8546060567247875 14.039516666666666
209751 0.020420220521597313 22955.967500000002
185485 1.5625203026693664 8.316633333333334
183160 0.05020413070335549 14334.450516666666
214202 0.2694949644902 51.962149999999994
176170 0.08346877169844101 72.4419
174605 0.004790597792228504 18648.334583333333
188590 0.0335739442307008 36935.03223333333
Progress: 100/100. Average time per iteration: 0.2027 seconds.
100 100
196126 0.019360401471417505 29960.80198333333
206904 0.036937660291027206 12526.1186
210746 0.036099954053379395 1634.377
182840 0.3544183508120759 70.50475
178224 0.028397023672615228 17020.829
191725 0.023512399586926008 18186.395516666664
189004 0.023565147444496032 44240.1031
208127 0.02729707793326953 25750.88615
211050 0.02298970047754808 33037.99045
194599 0.19845080499799608 348.12183333333337
Progress: 10/100. Average time per iteration: 0.2057 seconds.
198250 0.010376142204407206 11541.907266666667
209221 0.030868163795258342 12964.829816666666
203200 0.23391363080463715 4.341316666666667
194994 0.11691770251686831 1077.8106833333334
202785 0.027096594215986758 14210.569549999998
174779 0.0028977007738634534 11357.574783333333
196320 0.4935643359203217 281.47975
202343 0.03826482410837301 40479.191366666666
207137 0.032331588655699475 24330.121816666666
198418 0.016598951752030786 45447.51055
Progress: 20/100. Average time per iteration: 0.1888 seconds.
204673 0.058779888073902095 2539.8312666666666
183471 0.018978009963678395 69095.35181666668
194919 0.5420657046996936 30.819566666666667
192229 0.03539491403079634 44371.643216666664
174355 0.27002710606771113 7.426283333333333
184099 0.01753095827230975 21249.959216666666
213825 0.022191980247424515 18535.649433333332
179655 0.024809881832483602 40.349450000000004
185348 0.018187845880048775 52612.54756666666
205748 0.03114934571686935 43916.08586666666
Progress: 30/100. Average time per iteration: 0.1992 seconds.
201448 0.2816437761289511 42.60626666666667
204520 0.04372921816717824 3999.6403166666664
178335 0.009499948829733425 49910.77446666666
197587 0.10705462355908002 44259.60116666667
199423 0.009878435382328302 708.6479666666667
174602 0.3026303381158839 69.40535
189883 0.023294885415616796 14679.4585
196957 0.0016628697479970516 17057.412566666666
214028 0.019361789735795783 12104.950716666666
204272 0.02285543776923393 18507.7171
Progress: 40/100. Average time per iteration: 0.1930 seconds.
211949 0.05115751761607941 12653.556216666668
190980 0.024968136492782976 18535.322533333332
199471 0.025574285730948037 34011.43026666667
178692 0.04078748966047383 21174.240283333333
182855 0.01377113632559699 44226.00391666666
173784 0.024241305021175854 64484.6659
195737 0.020532683519340098 21593.643183333334
189145 0.027396339820049704 14538.243866666666
179879 0.05952437629091044 43872.060966666664
198987 0.0746362196161284 1858.76275
Progress: 50/100. Average time per iteration: 0.1985 seconds.
206159 0.10252905514568861 691.7454666666667
177606 0.5161074767381263 15.4963
185617 0.01215627456172778 21408.407
202566 0.5606554338211343 185.49486666666664
197921 0.23920624240171268 79.9825
178888 0.11021345131689735 27.225649999999998
212395 0.9156114936683402 36.039366666666666
207340 0.07877994551021092 3481.2255333333333
197183 0.021808331773369074 44299.80378333333
194314 0.02244357595840518 1203.0276999999999
Progress: 60/100. Average time per iteration: 0.1861 seconds.
181055 0.01242887032439431 15676.843583333333
175332 0.03954053366920447 39344.414483333334
199854 0.012124502165726357 1414.4218666666668
186232 0.18898651353352447 190.89656666666667
181739 0.25824221138201936 117.76671666666667
192491 0.03546654467230989 19541.521466666665
193411 0.11170475130158088 944.2840166666666
203943 0.8457060445476554 23.645233333333334
192037 0.02809590660859638 19925.91225
195588 0.012994785938945699 153.93455
Progress: 70/100. Average time per iteration: 0.1844 seconds.
178810 0.026580942859657303 44579.73225
204613 0.05615097664167352 44363.03565
200725 0.03188329035669924 75583.36866666666
175359 0.27307562479402847 76.90133333333333
179429 0.014159385628215039 12812.99445
193348 0.032496384840650185 43979.71615
195848 0.030180842732076156 14119.32365
190905 0.031327896113073225 44911.14465
188497 0.032472420754776465 12542.69245
175162 0.014656272423566385 15624.979783333334
Progress: 80/100. Average time per iteration: 0.1860 seconds.
203434 0.034809954803918276 25257.980683333335
195719 0.029714456405446895 11691.036616666668
209586 0.037266196913351445 33416.863183333335
198855 0.0016823034118821358 2377.9533833333335
196407 0.02502234312483586 60567.081
184760 0.02030943771254744 15697.268199999999
189556 0.45803508039787977 6.549716666666667
189586 0.02098379546002228 45665.79
202824 0.02554527624088444 27230.299333333332
185141 0.041857986298448925 30202.452183333335
Progress: 90/100. Average time per iteration: 0.1881 seconds.
176284 0.012497452165076514 44106.701616666665
197674 0.020432535798657222 19817.612299999997
213645 0.8546060567247875 14.039516666666666
209751 0.020420220521597313 22955.967500000002
185485 1.5625203026693664 8.316633333333334
183160 0.05020413070335549 14334.450516666666
214202 0.2694949644902 51.962149999999994
176170 0.08346877169844101 72.4419
174605 0.004790597792228504 18648.334583333333
188590 0.0335739442307008 36935.03223333333
Progress: 100/100. Average time per iteration: 0.1869 seconds.